Общее число выживших:342
Число выживших из 1 класса:136
Число выживших из 2 класса:87
Число выживших из 3 класса:119
Количество выживших женщин:233
Количество выживших мужчин:109
Средний возраст пассажира:23.7567
Средний женский возраст:23.1943
Средний мужской возраст:24.104
Штат в котором село больше всего пассажиров:Southampton
Cписок идентификаторов несовершеннолетних (младше 18) пассажиров:6, 8, 10, 11, 15, 17, 18, 20, 23, 25, 27, 29, 30, 32, 33, 37, 40, 43, 44, 46, 47, 48, 49, 51, 56, 59, 60, 64, 65, 66, 69, 72, 77, 78, 79, 83, 85, 87, 88, 96, 102, 108, 110, 112, 115, 120, 122, 126, 127, 129, 139, 141, 148, 155, 157, 159, 160, 164, 165, 166, 167, 169, 172, 173, 177, 181, 182, 183, 184, 185, 186, 187, 194, 197, 199, 202, 206, 209, 215, 221, 224, 230, 234, 236, 238, 241, 242, 251, 257, 261, 262, 265, 267, 271, 275, 278, 279, 283, 285, 296, 298, 299, 301, 302, 304, 305, 306, 307, 308, 325, 330, 331, 334, 335, 336, 341, 348, 349, 352, 353, 355, 359, 360, 365, 368, 369, 375, 376, 382, 385, 387, 389, 390, 408, 410, 411, 412, 414, 416, 420, 421, 426, 429, 432, 434, 436, 445, 446, 447, 449, 452, 455, 458, 460, 465, 467, 469, 470, 471, 476, 480, 481, 482, 486, 490, 491, 496, 498, 501, 503, 505, 508, 512, 518, 523, 525, 528, 531, 532, 533, 534, 536, 539, 542, 543, 548, 550, 551, 553, 558, 561, 564, 565, 569, 574, 575, 579, 585, 590, 594, 597, 599, 602, 603, 612, 613, 614, 619, 630, 634, 635, 640, 643, 644, 645, 649, 651, 654, 657, 668, 670, 675, 681, 684, 687, 690, 692, 693, 698, 710, 712, 719, 721, 722, 728, 732, 733, 739, 740, 741, 747, 751, 752, 756, 761, 765, 767, 769, 774, 777, 778, 779, 781, 782, 784, 788, 789, 791, 792, 793, 794, 803, 804, 814, 816, 820, 825, 826, 827, 828, 829, 831, 832, 833, 838, 840, 842, 845, 847, 850, 851, 853, 854, 860, 864, 869, 870, 876, 879, 889.